MAML3
0.000000000000000000e+00
0.000000000000000000e+00
0.000000000000000000e+00
0.000000000000000000e+00
0.000000000000000000e+00
0.000000000000000000e+00
0.000000000000000000e+00
0.000000000000000000e+00
0.000000000000000000e+00
0.000000000000000000e+00
0.000000000000000000e+00
0.000000000000000000e+00
0.000000000000000000e+00
0.000000000000000000e+00
0.000000000000000000e+00
0.000000000000000000e+00
0.000000000000000000e+00
0.000000000000000000e+00
0.000000000000000000e+00
0.000000000000000000e+00
0.000000000000000000e+00
0.000000000000000000e+00
0.000000000000000000e+00
0.000000000000000000e+00
0.000000000000000000e+00
0.000000000000000000e+00
0.000000000000000000e+00
0.000000000000000000e+00
0.000000000000000000e+00
0.000000000000000000e+00
0.000000000000000000e+00
0.000000000000000000e+00
0.000000000000000000e+00
0.000000000000000000e+00
0.000000000000000000e+00
0.000000000000000000e+00
2.166756207124871825e+00
0.000000000000000000e+00
-1.666438455728517898e+00
-1.590357591948237781e+00
0.000000000000000000e+00
3.314310277785652570e+00
0.000000000000000000e+00
-1.415033340924854333e+00
-5.339882545566127625e+00
0.000000000000000000e+00
-2.962627360502282592e+00
-3.117804624177145989e+00
2.953557446718075852e+00
0.000000000000000000e+00
0.000000000000000000e+00
0.000000000000000000e+00
1.498593215536281553e+00
0.000000000000000000e+00
0.000000000000000000e+00
0.000000000000000000e+00
-1.538774613419366499e+00
-2.524660281344853985e+00
1.358763778419514567e+00
0.000000000000000000e+00
0.000000000000000000e+00
3.775602272855436592e+00
0.000000000000000000e+00
0.000000000000000000e+00
-7.239842222998237986e+00
0.000000000000000000e+00
2.767075501921814507e+00
3.193095867952886469e+00
0.000000000000000000e+00
0.000000000000000000e+00
0.000000000000000000e+00
0.000000000000000000e+00
0.000000000000000000e+00
0.000000000000000000e+00
0.000000000000000000e+00
0.000000000000000000e+00
0.000000000000000000e+00
0.000000000000000000e+00
-1.331012465063512007e+00
0.000000000000000000e+00
0.000000000000000000e+00
0.000000000000000000e+00
0.000000000000000000e+00
0.000000000000000000e+00
0.000000000000000000e+00
0.000000000000000000e+00
0.000000000000000000e+00
0.000000000000000000e+00
0.000000000000000000e+00
0.000000000000000000e+00
