UBTF
0.000000000000000000e+00
0.000000000000000000e+00
2.321845610635197232e+00
0.000000000000000000e+00
0.000000000000000000e+00
0.000000000000000000e+00
0.000000000000000000e+00
0.000000000000000000e+00
0.000000000000000000e+00
3.131554296366029888e+00
1.466320076030193764e+00
0.000000000000000000e+00
0.000000000000000000e+00
0.000000000000000000e+00
0.000000000000000000e+00
4.952984850717451870e+00
4.290903073710565785e+00
0.000000000000000000e+00
0.000000000000000000e+00
0.000000000000000000e+00
0.000000000000000000e+00
0.000000000000000000e+00
0.000000000000000000e+00
0.000000000000000000e+00
0.000000000000000000e+00
0.000000000000000000e+00
0.000000000000000000e+00
0.000000000000000000e+00
0.000000000000000000e+00
0.000000000000000000e+00
0.000000000000000000e+00
0.000000000000000000e+00
0.000000000000000000e+00
0.000000000000000000e+00
0.000000000000000000e+00
0.000000000000000000e+00
0.000000000000000000e+00
0.000000000000000000e+00
0.000000000000000000e+00
1.602727077682909007e+00
0.000000000000000000e+00
-1.778430826262183739e+00
0.000000000000000000e+00
0.000000000000000000e+00
8.136267933175968636e+00
0.000000000000000000e+00
0.000000000000000000e+00
0.000000000000000000e+00
-3.311178254077111305e+00
0.000000000000000000e+00
0.000000000000000000e+00
-4.010274224588055603e+00
0.000000000000000000e+00
0.000000000000000000e+00
-1.383101443158960997e+00
0.000000000000000000e+00
4.564346633066258541e+00
0.000000000000000000e+00
-7.266056696641209456e+00
0.000000000000000000e+00
0.000000000000000000e+00
-2.800440947825960869e+00
0.000000000000000000e+00
7.774468719910544223e+00
9.289541045599964519e+00
2.155810045111238527e+00
-4.855021008628946255e+00
2.485901265365172641e+00
2.018836803262890722e+00
0.000000000000000000e+00
0.000000000000000000e+00
0.000000000000000000e+00
0.000000000000000000e+00
1.922090589242026359e+00
0.000000000000000000e+00
0.000000000000000000e+00
0.000000000000000000e+00
0.000000000000000000e+00
3.389598905745055735e+00
0.000000000000000000e+00
0.000000000000000000e+00
0.000000000000000000e+00
-3.381277743272634417e+00
0.000000000000000000e+00
0.000000000000000000e+00
0.000000000000000000e+00
0.000000000000000000e+00
0.000000000000000000e+00
0.000000000000000000e+00
0.000000000000000000e+00
