1st species	cerevisiae	rerio	mississippiensis	musculus	sapiens	taurus	tropicalis	melanogaster	discoideum
cerevisiae	100.00	33.33	32.26	25.81	19.35	19.35	18.18	12.00	20.00
rerio	33.33	100.00	24.56	30.91	30.58	31.40	25.18	13.85	20.75
mississippiensis	32.26	24.56	100.00	34.55	33.61	36.13	35.56	17.39	18.42
musculus	25.81	30.91	34.55	100.00	57.14	55.75	31.25	16.67	26.39
sapiens	19.35	30.58	33.61	57.14	100.00	60.63	30.53	16.33	25.00
taurus	19.35	31.40	36.13	55.75	60.63	100.00	33.68	14.89	26.83
tropicalis	18.18	25.18	35.56	31.25	30.53	33.68	100.00	21.88	22.14
melanogaster	12.00	13.85	17.39	16.67	16.33	14.89	21.88	100.00	32.00
discoideum	20.00	20.75	18.42	26.39	25.00	26.83	22.14	32.00	100.00
