2.226643886205514455e+00
-0.000000000000000000e+00
2.171918810958509471e+00
1.913968576456911874e+00
3.973734957886320557e-02
1.187096879152852447e-01
5.213444932858471992e-01
1.722823519741121454e-07
2.742480993200169324e-07
2.403755631794480263e-01
1.031792329003785813e+00
7.844257598014728567e-07
8.174686984487086749e-02
8.651472980102740129e-01
1.228199751837922345e-03
8.992581789689259308e-02
1.730524847929519661e+00
8.953303627845198703e-03
7.228181115103893273e-02
3.267135139170179725e-01
6.029264619172969334e-12
3.369383894734591323e+00
4.778952641876652585e-01
3.402037149739326249e+00
5.849238427014485930e-01
8.098650350642655482e+00
6.543246827727823955e+00
1.552406046693315389e+00
6.535094118102728444e+00
6.046536783385361247e+01
5.600260990609459005e-02
1.143032675234789859e-02
4.561270066093561087e-02
4.981137095762914997e-12
