1.119255661684401132e-01
1.101860849264529207e+00
1.982430116702814729e-02
4.715840390919923131e-01
4.347099352180936460e-01
5.282042580213998362e-02
7.669138132290262977e-01
5.283866198509809542e-02
7.992604832806534665e-01
8.118849034525175978e-02
6.537947444615260117e+00
4.620201045199937795e+00
1.441231242002659618e+00
3.174292669242199660e-01
7.565586532228831818e-01
2.288056855877061979e-01
8.558972493244754176e-01
9.379346195575208323e-02
4.629903767851613061e-01
3.561854768131098720e-02
1.090845275978184759e-03
3.682823423566714549e-01
7.582356454666956160e-03
3.543013760353547759e-01
6.786172838805820846e-03
2.787936444716880291e-01
1.545140659673455708e-01
3.921404312388168667e-01
8.623899793292868488e-01
1.893669231764825136e-08
