3.171187357350724323e-01
4.369263131673422151e+01
3.800366829136252278e+01
1.286013398626037372e+02
4.350515149003617283e-12
2.623427262079577549e+00
2.252174680205019985e+00
4.648758505119295670e+00
5.963835000566424953e-12
6.105036863438867423e-01
4.146164377318178396e+01
2.626876235272426097e-12
1.781120014351354586e+00
2.888254970298581803e+00
6.128204617242720333e-12
1.451081398594966191e-11
6.156266546519818122e-12
1.566592350636958786e+00
1.491045825310009221e+01
1.188089666466767176e-02
7.836727663823036616e-05
8.847270558356576021e-12
6.592263738226215253e+00
6.699925727241205209e+01
4.489399413508731840e+01
2.048030306484761098e+01
-0.000000000000000000e+00
6.485242589351221040e-03
3.863055159957833240e+01
1.583631656674685251e-01
2.538013459229012401e-12
4.798833087999387975e-09
1.044993459143041806e-11
1.630134381911434360e+01
5.531952530874019835e+00
2.635678651528337468e+00
1.471286293548276447e+00
7.593220785997858296e-03
9.621372883635000761e+00
2.058766773194680093e-09
4.311118588247783379e+00
4.836010339360062638e+00
1.336554284640994794e+00
2.032030837525840362e-12
4.570808057801384328e-01
-0.000000000000000000e+00
6.980165468785816785e+00
8.936288101143732732e+00
3.509401891344657187e+00
2.082754462266783875e-12
1.776995713151235132e-04
2.051885597616524501e-04
2.227310093178285655e+00
1.730519297492590702e+00
7.810714964538569235e-12
1.706656006858245714e-02
5.946110067359017037e+00
5.005100633307039361e-12
2.554188724093931828e+00
8.660470820798815716e-05
4.930091358976288526e-04
1.313345060230302112e-10
1.718712511837200078e-06
1.433489375552435829e-01
1.214464344489648608e-02
4.050771144068759710e+00
2.617588558876521865e-01
2.207074689129334966e-01
8.353643552291942220e-02
-0.000000000000000000e+00
-0.000000000000000000e+00
-0.000000000000000000e+00
