5.975985526645162987e-12
1.275537713649925280e+02
-0.000000000000000000e+00
1.297292656059368943e+00
6.063137330969240443e-06
9.906256867359990170e-02
9.903619888037682983e+01
4.872288613738206919e+01
-0.000000000000000000e+00
-0.000000000000000000e+00
3.090709789925063689e+01
9.992038322822789642e-02
3.558031604319377150e-01
-0.000000000000000000e+00
9.674497500488913104e+00
1.606575762242497651e+00
-0.000000000000000000e+00
1.281814188788164832e-01
-0.000000000000000000e+00
6.971813756087662739e+00
2.947303826240654701e+01
7.379467721488397123e-12
6.398516371620870447e-08
2.297052233799645946e-06
6.916239131904270421e-01
3.169709845518265734e+00
2.922975118639607869e-04
3.789958276805900361e-01
1.504245998440444031e-08
1.345377257202372062e-03
1.212302365762160244e-01
1.427836375663823931e+00
3.208076912268129632e+00
6.365775371759880841e-01
1.825081539475660874e-01
1.961855716395503532e-02
-0.000000000000000000e+00
-0.000000000000000000e+00
-0.000000000000000000e+00
-0.000000000000000000e+00
