2.102823132193098576e+00
-0.000000000000000000e+00
2.099472357567316205e+00
1.402096168294773237e+00
4.235595908047326552e-03
2.056540307165747317e-01
2.289916070600600817e-01
6.649528247492237934e-10
1.178999865907135331e-06
1.834331551979477004e-01
6.504077428097596592e-01
2.932359932961556883e-06
5.731098291450351101e-02
9.589058186965309094e-01
8.210074180500664693e-04
6.221801096202213277e-02
9.605087451872033055e-01
2.602860947281055229e-02
1.271837467436034985e-01
3.933175611852971487e-01
2.322818963485015518e-11
1.867376564140461603e+00
6.610290662666253869e-01
4.081585438136312582e+00
9.976518973321398809e-01
8.901189258302860452e+00
4.368868695210805342e+00
1.094809205702732768e+00
6.236997899049485206e+00
5.630693272310229247e+01
4.522712263393355997e-02
1.146324056825830454e-02
6.217241018505850758e-02
2.511373913030673550e-11
